4 3
4 3
3 3
4 4
4 4
4 3
4 3
4 4
4 4
4 4
4 3
2 4
4 3
4 3
2 5
3 3
3 3
4 3
2 6
3 4
2 5
4 4
4 4
1 5
4 3
3 3
2 5
4 4
0 0
0 0
0 0
3 3
4 3
3 3
4 3
2 4
1 6
2 6
2 6
2 4
3 3
4 3
3 3
3 4
2 3
2 4
3 3
4 3
4 3
4 3
4 3
6 0
12 0
10 0
11 0
12 1
1 3
12 0
5 0
6 0
6 0
7 0
4 0
0 0
7 1
13 5
20 2
20 0
7 0
15 0
17 0
15 0
4 4
4 4
4 4
4 4
4 4
4 4
4 4
4 4
4 2
4 3
4 4
4 4
3 4
4 3
4 4
4 4
4 4
4 4
4 4
4 4
4 4
4 3
4 3
4 3
4 3
4 4
4 3
4 3
4 3
3 4
4 3
20 0
4 3
4 4
3 4
4 4
4 4
10 0
4 4
15 0
0 0
4 4
4 4
4 3
4 4
0 0
20 0
4 3
4 4
3 4
20 2
10 0
4 4
4 4
4 3
0 0
0 6
0 0
0 0
5 2
11 0
9 3
4 3
3 3
3 3
3 3
3 3
4 3
3 3
2 6
4 4
4 4
4 4
8 0
4 3
3 3
4 3
0 0